#StressStrainPlots


import matplotlib.pyplot as mp

mp.title("Tensile Test Data for 4140 Steel [Stress Vs Strain Curve]")
mp.xlabel("Strain")
mp.ylabel("Stress(MPa)")



#Annealed

Xa=[2.71739E-05,2.71739E-05,0.001182065,0.002751359,0.003994565,0.00546875,0.006732337,0.007982337,0.009239131,0.010285326,0.011324729,0.012357337,0.013199728,0.014042119,0.014673913,0.015298913,0.015930707,0.016555706,0.016976902,0.017391305,0.0178125,0.018240489,0.018654891,0.019082881,0.01951087,0.019918477,0.020550268,0.020971467,0.021385869,0.021807062,0.022221464,0.022649457,0.023070652,0.023485054,0.023913043,0.024327445,0.024748642,0.025163044,0.025577446,0.026202445,0.026623642,0.027044836,0.027472825,0.027887228,0.02830163,0.028940217,0.029354619,0.029769022,0.030197011,0.030611413,0.03103261,0.031453804,0.032085597,0.032513587,0.032921192,0.033349185,0.033763584,0.034184782,0.034605979,0.035230977,0.035658965,0.036073367,0.036494563,0.03691576,0.037330162,0.03775815,0.038172552,0.038586954,0.03900815,0.039429347,0.039843749,0.040264946,0.040679348,0.041351901,0.041562497,0.042812498,0.044062499,0.045326085,0.046793477,0.048043478,0.049307064,0.050563859,0.051202443,0.051616845,0.052241847,0.052663044,0.053498639,0.054130432,0.054755434,0.055394022,0.056229617,0.057085595,0.057927989,0.058940215,0.059769019,0.060631792,0.061480976,0.062336955,0.063165759,0.063994563,0.064843747,0.065686141,0.066521735,0.067574725,0.068403529,0.069252717,0.070095111,0.070930702,0.071983695,0.073029886,0.07408288,0.075129071,0.076182065,0.077228256,0.078274455,0.079538041,0.080597822,0.081847827,0.082900812,0.084157604,0.085414403,0.0866644,0.087921192,0.089205162,0.090461953,0.091718745,0.092975544,0.094442936,0.095706522,0.096949724,0.098199729,0.099694292,0.100937494,0.10217391,0.103437496,0.104714671,0.106182063,0.107438854,0.108906246,0.110163038,0.111413043,0.112669834,0.113940215,0.11517663,0.116433422,0.117907608,0.119171194,0.120645381,0.121895378,0.123158964,0.124436139,0.12570652,0.126963311,0.128233692,0.129687495,0.130944294,0.132214667,0.133464672,0.134932064,0.136202444,0.13746603,0.138872279,0.14035326,0.141637222,0.142900808,0.144144018,0.145421193,0.146888585,0.148152171,0.149408971,0.150672557,0.151936143,0.15318614,0.154225544,0.155495917,0.156752717,0.1580095,0.1592663,0.160543475,0.161793472,0.163043469,0.164307055,0.165577443,0.166834243,0.16808424,0.169347826,0.170604609,0.171868195,0.173124995,0.174388581,0.175652167,0.176908967,0.178179339,0.179646731,0.180903531,0.182173903,0.183430703,0.184898095,0.186154894,0.18741848,0.188675264,0.189728257,0.190985057,0.192031248,0.193084242,0.194130433,0.194979621,0.195822006,0.196650802,0.197486401,0.198342392,0.199191564,0.200244558,0.201066567,0.201705163,0.202323367,0.202961946,0.203600542,0.204225532,0.204857325,0.205475545,0.206114125,0.206739132,0.207364122,0.207995915,0.208627708,0.209062498,0.209680702,0.21033287,0.210740482,0.211161683,0.211161683]
Ya=[4.173062674, 4.139527469,8.222463951,11.3915604,14.33219655,18.59538541,22.9738526,27.49484603,32.23591551,36.49072013,41.21502348,46.26000206,51.00945929,56.42752076,60.79760722,65.51771318,70.39711853,76.07088585,80.44096763,84.95148514,89.62548773,94.52165922,99.46393876,104.7080369,109.8934418,115.4184114,123.8714297,129.6583837,135.5773786,141.5278177,147.7842797,153.9652684,160.4501639,166.8323837,173.3466351,179.8064071,186.6098919,193.1681726,199.9213731,210.3194321,217.2507909,224.3036938,231.3817669,238.2816816,245.3576572,256.2482783,263.3451917,270.6831704,277.9813149,285.336055,292.5482573,299.9449292,311.2023359,318.6052629,326.1465702,333.4824327,341.0949435,348.5587174,356.202691,367.6591751,375.0768035,382.708192,390.6016211,398.1512811,405.7994497,413.7599246,421.2425013,429.2239514,436.6289947,444.5915296,452.2648686,459.9863757,467.437527,438.5719379,425.8096332,426.5305819,427.8196222,427.9747266,432.2987331,436.7589288,440.3492891,440.5295637,447.9932627,453.052938,458.8105641,462.8934678,470.2272328,475.2911031,479.5501238,483.6560628,489.0637022,494.0751345,499.277329,505.7244784,510.9476481,516.1225748,521.1968953,525.8918637,530.6978886,535.43271,540.1108982,544.6947354,549.2408921,554.7805256,558.8634293,563.2377389,567.4590042,571.7117324,576.8006981,581.6675136,586.6999586,591.3676218,596.131771,600.5123732,604.853085,610.1516532,614.2890925,618.9463055,623.0061739,627.4978699,632.1823133,636.1332229,640.5703833,644.5087077,648.518273,652.0060045,655.7158488,659.7631695,662.907057,666.0992625,669.0000621,672.3032865,675.2144988,677.6961683,680.4356085,682.6279696,685.4596259,687.6959601,690.0309528,692.1289254,693.9712999,695.8493322,697.5911004,698.9911222,700.8000112,702.5585596,703.9963368,705.5012347,706.7168992,707.9304662,708.9847712,710.1354125,711.2001302,711.9714943,713.1473059,713.6817248,714.6857642,715.3040092,716.0690807,716.8739303,717.1023356,718.2510292,718.5570428,718.9342224,719.2570162,719.6867088,720.0304779,720.3427092,720.3260039,720.7744993,720.7430365,720.9190786,720.8834956,721.0784155,720.9464213,720.9148836,720.7765969,720.8185473,720.6362126,720.4999485,720.1435943,719.8942138,719.6321732,719.1354348,718.6910596,718.2341741,717.5571985,716.6391575,716.0397154,714.8429286,713.91867,712.3823092,710.8837039,708.6011492,706.1907955,703.5751092,700.2424446,696.0505446,692.2065338,688.0104387,683.4286242,679.2346266,673.9171058,669.3143909,664.4936835,659.3250868,654.8795363,650.4717413,646.0073131,641.3018945,636.4644068,631.2685423,624.6892864,619.4388864,615.0646142,610.8223737,606.1421253,601.9397003,596.9302906,592.0320497,587.2868531,582.0783285,576.7797229,571.3469881,565.9415212,560.0329857,555.8934489,549.8466268,543.7452691,539.3416316,534.9443242,534.9443242]


mp.plot(Xa,Ya,color="red",label="Annealed")


#Quenched

Xq=[-1.36986E-05,-1.36986E-05,0.000534247,0.001047945,0.00180137,0.002219178,0.002821918,0.003232877,0.003657534,0.004308219,0.004931507,0.005349315,0.005773972,0.006191781,0.006616439,0.007047945,0.007472603,0.00789726,0.008321918,0.008739726,0.009178082,0.009595891,0.010239726,0.010650685,0.011075342,0.011506849,0.011924657,0.012356164,0.012780822,0.01319863,0.013835617,0.014246576,0.014678083,0.015109589,0.015527397,0.015952054,0.016369863,0.01679452,0.017226028,0.017643832,0.018075343,0.018493151,0.018904109,0.019547945,0.019965754,0.020397261,0.020821917,0.021239725,0.021671232,0.022082192,0.022726028,0.023150685,0.023568493,0.024,0.02441096,0.024828768,0.025253424,0.02589041,0.026321917,0.026739726,0.027171233,0.02780137,0.028438356,0.028863014,0.029287671,0.02971233,0.030123287,0.030547942,0.030986301,0.031609588,0.032034245,0.032445205,0.032863013,0.033287671,0.033698631,0.034123288,0.034547946,0.034958904,0.035390409,0.035808217,0.036226025,0.036657534,0.037082193,0.037500001,0.037917809,0.038342464,0.038760272,0.039191781,0.039616435,0.040253425,0.04067808,0.041095888,0.041527397,0.041952056,0.042363013,0.042794518,0.043410957,0.043842466,0.044260274,0.044684929,0.045116438,0.045527395,0.045965751,0.046602737,0.047013698,0.047452054,0.047856165,0.04828767,0.048712329,0.049123286,0.049561642,0.0499863,0.050410959,0.050835614,0.051246575,0.05167123,0.052095888,0.052301369,0.052513697,0.052726028,0.052938355,0.053150682,0.053356163,0.053568491,0.053780822,0.054,0.054212327,0.054623285,0.054835616,0.055267121,0.055479452,0.055684929,0.05589041,0.056102737,0.056321915,0.056534246,0.056746573,0.057164382,0.057376709,0.057794521,0.057999998,0.058205479,0.058410956,0.058630137,0.058842465,0.059047946,0.059253422,0.059458903,0.059684931,0.059890408,0.060315067,0.060527394,0.060945202,0.061150683,0.061356164,0.061568491,0.061780819,0.061986299,0.062205477,0.062417808,0.062623285,0.062835617,0.063054794,0.063479449,0.063890411,0.064109588,0.064328766,0.064541093,0.064753425,0.064958901,0.065164382,0.06538356,0.065595887,0.065801368,0.065999999,0.066431504,0.066650681,0.067068489,0.06727397,0.067486302,0.067705479,0.067917807,0.068130134,0.068335615,0.068547946,0.06876712,0.068979451,0.069595886,0.070034241,0.070246572,0.070452053,0.070664385,0.070883558,0.07110274,0.071308221,0.071520544,0.071712324,0.071910955,0.072123286,0.072554791,0.072767122,0.073184926,0.073397258,0.073616439,0.073828763,0.074239724,0.074458906,0.07467808,0.074897262,0.075095892,0.075513696,0.075726027,0.075931508,0.076136981,0.076342462,0.076547943,0.076773967,0.076986298,0.077410961,0.077616434,0.078054789,0.078273971,0.078691775,0.079109587,0.079328769,0.079541092,0.079965755,0.080184928,0.080390409,0.080794521,0.080794521]
Yq=[6.572941085,6.562461078,9.601607657,11.07297449,11.74996998,12.36618296,13.39320496,14.13727204,14.86037909,15.93980055,17.0716203,17.87647106,18.69808796,19.58468127,20.43354373,21.39978556,22.37021541,23.4412538,24.47037216,25.54140821,26.49087922,27.48017273,28.96202133,29.95760273,31.04959996,32.14369238,33.29018308,34.5037477,35.71102209,37.00423172,38.92832763,40.2886065,41.69918613,43.15588318,44.71318175,46.29983159,48.04995714,49.87344451,51.77238652,53.80337885,55.9056261,58.04979572,60.38050913,64.13857298,66.78158324,69.39105185,72.14305371,75.03757947,78.06834122,81.0362241,85.77938877,88.94220084,92.29783522,95.65766464,99.02378663,102.4213434,106.0159175,111.5618342,115.353435,119.1052016,122.9492031,128.8912521,135.0408153,139.2180701,143.512702,147.8387685,152.3786233,157.0945482,161.8083663,168.9576803,173.9649549,178.898835,184.0423363,189.2738774,194.5934209,199.8186694,205.284927,210.7218569,216.3411214,221.9687947,227.7620412,233.6181573,239.4051113,245.2612461,251.1529826,257.1348751,263.0580557,269.2055215,275.3676512,284.7030712,290.9406556,297.4360293,303.7993901,310.250772,316.6665147,323.1660648,332.8850506,339.508317,346.3851965,353.2515508,360.2248414,367.1540841,374.5758701,385.3952315,392.4733234,399.7903081,406.8998253,414.3593668,421.4814317,428.9765935,436.4717554,444.0654259,451.5899531,459.2821323,466.722796,460.35318,473.6625262,478.2233655,482.3419271,486.6554086,490.8955516,495.3473946,499.5602699,503.9009817,508.2731937,512.7522297,517.0007628,525.5040842,530.150847,538.6897888,543.0137953,547.4215904,551.8230929,556.0842112,560.5297616,564.8243654,569.1651146,577.8004675,582.1391192,590.5585771,595.041883,599.2966713,603.6248354,607.9257317,612.2832611,616.5568896,620.9395893,625.1042589,629.6734509,634.1966097,642.773232,647.2858283,655.8059673,660.1487392,664.6299476,669.1279361,673.4267349,677.4970534,682.2066671,686.601877,690.6533928,695.197452,699.8317046,708.1002157,717.016487,721.4452573,725.5805241,729.9695164,734.2746077,738.6928904,742.9372285,747.510653,751.6774576,755.8609675,760.054965,769.2164217,773.5068304,781.9619462,786.3257682,790.6329571,795.0156568,799.4234518,803.711763,807.828227,812.1375134,816.8806875,821.2235342,833.9397683,842.6211918,846.7608036,851.0008717,855.3542061,859.7830513,864.3542284,868.4120367,872.5222831,876.6471373,880.9584463,885.4082668,893.8591875,898.1181333,906.7828516,910.9559488,915.2778203,919.5451562,928.0276147,932.4772854,936.6859655,940.9449863,945.155764,953.8476752,957.9202411,962.2337225,966.383672,970.5882321,974.6459655,979.2005123,983.6816458,991.6296104,996.1296216,1004.570055,1009.082651,1017.456038,1025.672186,1029.901842,1034.221616,1042.240821,1046.478792,1050.605744,1058.681507,1058.681507]


mp.plot(Xq,Yq,color="green",label="Quenched")



#ColdFormed

Xc=[0.004069445,0.004069445,0.005944445,0.007819444,0.009097222,0.010375,0.011451389,0.012527778,0.013791666,0.014868056,0.015930555,0.017006945,0.017861111,0.018715277,0.019784719,0.020645834,0.0215,0.022361111,0.023006944,0.02363889,0.024277777,0.024916666,0.025784723,0.02642361,0.0270625,0.027708333,0.0285625,0.029208333,0.029854166,0.030500001,0.03114583,0.031777778,0.032430552,0.032854163,0.033506944,0.034131944,0.034569444,0.035215277,0.035652775,0.036090277,0.036506943,0.037159721,0.037569445,0.038013889,0.0384375,0.038861111,0.039291667,0.039715278,0.040145831,0.040798609,0.04122222,0.041652777,0.042076388,0.042506945,0.043152778,0.043798611,0.044222222,0.044666665,0.045097222,0.045527779,0.04615972,0.04678472,0.047215277,0.047645834,0.048069445,0.048499997,0.048930554,0.049374998,0.049805554,0.050236111,0.050666663,0.051090274,0.051520831,0.051944442,0.052374999,0.052805555,0.053229166,0.053645832,0.053874999,0.054305556,0.054743054,0.055381941,0.055597222,0.056013887,0.056236109,0.056451389,0.056868055,0.057090277,0.057312498,0.057729164,0.057937499,0.058374997,0.058590277,0.058805553,0.059013888,0.059229164,0.059444445,0.059666667,0.059881943,0.0603125,0.060736111,0.060951387,0.061374998,0.061798609,0.062013889,0.062236111,0.062451387,0.062868053,0.063076388,0.063513886,0.063729166,0.063937497,0.064368053,0.06458333,0.064812497,0.065229167,0.065444443,0.065888887,0.066298611,0.066520832,0.067166665,0.067576385,0.067999996,0.068423611,0.068631942,0.069069444,0.069513884,0.070152779,0.070583332,0.071013884,0.071430554,0.071861106,0.072291667,0.072701383,0.073124998,0.073555551,0.073993057,0.074416664,0.074847216,0.075277777,0.075701384,0.076124999,0.076562497,0.07699305,0.077423611,0.077840272,0.078270833,0.07890972,0.079347218,0.079770833,0.080208331,0.080638884,0.081055553,0.081499997,0.082333328,0.082993052,0.083631939,0.084493053,0.085562501,0.086840275,0.088576385,0.09285416,0.093708328,0.09995833,0.102520833,0.104249997,0.105965278,0.107256944,0.108333329,0.10941666,0.110479163,0.11133333,0.112409716,0.113270829,0.114145834,0.115208328,0.116062495,0.116715274,0.117576387,0.118652773,0.11929166,0.119944438,0.120576388,0.121430556,0.122083326,0.122722222,0.123388883,0.124249996,0.124888884,0.125534717,0.126194441,0.126833328,0.127687496,0.1283125,0.128729161,0.129173605,0.129611111,0.130027773,0.130458333,0.130680551]
Yc=[4.67137237,4.64672134,8.20468849,12.60900847,16.41964900,20.55486225,23.99984425,27.47358655,31.55128148,35.12157214,38.88085711,42.85378515,46.22481405,49.62665674,54.34117158,58.38804812,62.79236926,67.46374019,71.08949797,74.72141851,78.57314257,82.57277742,88.23018972,92.59136695,97.05526906,101.54175725,107.66342763,112.14170186,116.91167694,121.75150273,126.53174754,131.35103386,136.28945461,139.65432074,144.64615513,149.59895717,153.13844551,158.31310686,161.93269729,165.45781351,169.07532980,174.53965457,178.07914291,182.15682407,185.89557646,189.99996444,193.84346996,198.03414574,202.35218825,208.81898228,213.34656776,217.59065717,222.09974061,226.75671189,233.70626605,241.01736259,245.79349583,250.79971151,255.68061624,260.80391974,268.45398176,276.68946454,282.28524925,287.79887609,293.54049287,299.16096533,305.23538025,311.27695771,317.52594894,323.45251271,329.58443447,335.68353713,342.04144812,348.32538765,354.87026470,361.32266826,367.82848545,374.23158694,377.71356843,384.38168230,391.25313508,401.13818135,404.61605128,411.08901266,414.68806362,418.10635257,424.83606649,428.36118271,431.77947166,438.48246041,442.04865556,448.81126200,452.38568028,455.87790398,459.38451815,462.79663975,466.38952337,469.94338382,473.33289182,480.36869706,487.08405722,490.51875571,497.36355674,504.21654419,507.75806995,511.37767874,514.76924252,521.58526259,525.03846313,531.94277172,535.55008252,538.95398099,545.93020525,549.56622359,553.02970304,559.59510121,563.15101745,569.82735445,576.48313362,580.02880766,590.11106221,596.29023025,603.01175775,609.30190134,612.69757668,619.49505800,626.03376771,635.58192264,642.11652078,648.37990248,654.68439983,660.81232016,666.98737664,672.75362610,678.87332329,684.67246527,690.63599642,696.27280501,702.16438378,707.50545338,713.04167547,718.18348101,723.86970180,728.69300791,733.75471136,738.33572882,743.12210427,750.23195439,754.31782197,758.52696308,762.53684014,766.12359311,769.67128623,773.22720247,779.11055810,783.21911271,786.89419092,791.10942595,795.04338590,798.87250094,802.49824036,805.97199872,806.16509543,802.77760651,799.21559634,795.76034002,791.61074318,787.95622280,784.22776768,780.06994771,776.12159729,772.65202391,767.80397499,763.93381772,759.96902104,754.84571754,750.78657512,747.31479912,742.90235581,737.20798532,733.56579964,730.01605074,726.41901885,721.30805005,717.60007933,713.50187705,709.20228151,703.58595733,699.29869649,694.91290493,690.14503153,685.54345624,679.27383376,674.18753435,670.54946023,666.90316298,662.94049550,659.27576963,655.35620017,653.21561671]


mp.plot(Xc,Yc,color="#C06C84",label="ColdFormed")



#Quenched&Tempered

Xt=[0.01105663,0.011063536,0.021685084,0.026381215,0.028950276,0.031298343,0.033439227,0.035145027,0.036629833,0.037900552,0.039171271,0.040020715,0.040877071,0.04172652,0.042582871,0.043218233,0.043860498,0.044495855,0.04513812,0.045780385,0.046429557,0.047279005,0.047914363,0.048549724,0.049191989,0.04961326,0.050255525,0.050683702,0.051325967,0.051754141,0.052182319,0.052603589,0.053031767,0.053459945,0.053888119,0.054316297,0.054737567,0.055172653,0.055587016,0.056022097,0.056457182,0.056878453,0.057520717,0.057941988,0.058370166,0.05879834,0.05921961,0.059647788,0.060075966,0.060497237,0.060939225,0.061360496,0.061781766,0.062209944,0.062624307,0.063059393,0.06369475,0.064116021,0.064544199,0.064972372,0.065407457,0.066049722,0.066470993,0.066899171,0.067320441,0.067755522,0.068176793,0.068598064,0.069233421,0.069654696,0.070089777,0.070524858,0.070946133,0.071381214,0.071802488,0.072216848,0.07264503,0.073073203,0.073501377,0.073908837,0.074330112,0.074986183,0.075621549,0.076035908,0.07646409,0.07687845,0.077306632,0.077741712,0.078363256,0.078791438,0.079226519,0.079647785,0.080075967,0.080511048,0.081139498,0.08156768,0.081995854,0.082417129,0.082859117,0.083280384,0.083929556,0.08435083,0.084779004,0.085207178,0.085621545,0.086056626,0.086685077,0.08732735,0.087755523,0.08817679,0.088604972,0.089033146,0.089447513,0.089861872,0.090283147,0.090718228,0.09114641,0.091553862,0.091982044,0.092410218,0.09305939,0.093701655,0.094129828,0.094537289,0.094979277,0.095407459,0.095835633,0.096491712,0.096899172,0.097327346,0.097727899,0.098128452,0.098549719,0.099212705,0.099647786,0.100069061,0.100497235,0.100925408,0.101360498,0.10200967,0.102430936,0.10285911,0.103287292,0.103701651,0.104122926,0.104772098,0.105414363,0.105821823,0.106243089,0.106664364,0.107085631,0.107527619,0.108169884,0.108805249,0.1094337,0.110089779,0.11224447,0.114150551,0.115448895,0.117140885,0.118625691,0.120566291,0.12288674,0.125904694,0.129716847,0.135911598,0.13934392,0.143805245,0.144889506,0.145517956,0.146160221,0.147016569,0.147672648,0.14810083,0.148749994,0.149599442,0.150234808,0.150890887,0.151319053,0.151961317,0.152589768,0.153238948,0.15366713,0.154302479,0.154937845,0.155359111,0.156008275,0.156450272,0.156864639,0.157285906,0.157720987,0.158342538,0.158791433,0.159219615,0.159633966,0.160276231,0.160697514,0.161346678,0.16177486,0.162196126,0.162624308,0.163052474,0.163480656,0.163915737,0.164343919,0.164772101,0.165214081,0.165649162,0.166070445,0.166491711,0.166919893,0.167582872,0.167997239,0.168425405,0.168839772,0.169267954,0.16971685,0.170138116,0.170552484,0.170552484]
Yt=[4.11179202,4.095136763,10.99878392,18.18973447,25.44730954,32.57372137,39.97910883,46.83695541,54.56087884,62.77821247,72.25511498,79.21706062,86.70780289,94.74818114,103.3319357,110.2272614,117.3432582,124.6091532,132.0249557,139.7030707,147.7621816,157.0100699,166.8908678,177.0110973,187.2333052,194.1640221,204.4799303,211.600094,222.5114467,229.7190603,236.8912736,244.1592521,251.400164,258.8825724,266.2588355,273.8078777,281.2590713,288.8664134,296.3717028,304.2622107,311.9216024,319.6788055,331.289683,338.9449077,346.8957619,354.5822015,362.5518069,370.529709,378.3931318,386.4106198,394.6071373,402.4143065,410.5025581,418.2077861,426.3335029,434.5300204,446.6904874,454.6705101,462.9253276,471.1010104,479.4848914,491.6058468,499.6441323,508.025967,515.9934517,524.5189342,532.478085,540.9390172,552.9121207,561.1107217,569.4780093,577.6703227,585.941808,594.0779421,602.4014768,610.2814931,618.5696833,626.7661636,634.8460812,642.7240512,651.0746711,663.6744524,675.7599889,683.8253966,691.963577,700.2205152,708.5127979,716.852926,729.0945739,737.1954006,745.5293527,753.355236,761.8224557,769.8773717,782.0253379,790.1448414,798.1769137,806.5607947,814.4408481,822.4687534,834.6375542,842.3989243,850.5434295,858.3839714,866.4222941,874.4292903,885.9819051,897.6843064,905.6789506,913.6422684,921.1913478,929.244106,936.7745086,944.4234457,952.0307879,960.2148046,967.8638161,975.8999809,983.4178083,991.4748078,1003.418817,1014.956773,1022.618286,1029.834159,1038.120265,1045.719274,1053.245435,1064.729295,1072.016006,1079.490081,1087.201522,1095.237687,1102.872188,1114.312296,1122.140262,1129.982888,1137.525717,1144.937362,1152.696648,1164.215853,1171.423541,1179.159984,1186.471622,1193.954105,1200.97629,1212.212515,1222.92817,1229.994183,1237.037351,1244.097038,1251.125622,1258.158373,1267.991307,1277.368259,1286.688957,1294.750198,1301.820452,1310.387529,1318.138482,1326.757646,1333.592616,1341.052181,1348.070348,1355.190456,1362.341816,1369.295395,1370.740281,1361.629864,1353.20223,1345.859191,1337.733512,1325.554294,1316.010813,1308.880139,1298.320669,1284.946433,1274.784608,1264.612366,1257.250725,1247.403132,1237.305895,1227.210593,1220.150906,1210.101365,1200.605879,1192.817349,1183.31338,1176.136944,1169.027254,1162.134021,1155.228287,1144.454294,1137.194668,1129.708093,1121.971725,1111.555791,1104.37943,1092.764385,1085.067528,1077.025113,1069.22825,1060.902706,1052.627091,1044.50342,1035.88634,1027.479541,1018.452388,1009.722875,1000.008624,991.0271595,981.7022944,967.110121,957.2564268,947.8023867,937.0596462,927.020672,915.6450778,904.7524764,893.8369569,893.8369569]

mp.plot(Xt,Yt,color="orange",label="Quenched&Tempered")



#CriticalPoints

#CP1
xc=[0.04067934799]
yc=[467.437529]
mp.plot(xc,yc,marker="o", markersize=6,markerfacecolor="red",label="CP1(0.04067934799,467.437529)")

#CP2

xq=[0.0512465758]
yq=[466.72298]
mp.plot(xq,yq,marker="o", markersize=6,markerfacecolor="green",label="CP2=(0.0512465758,466.72298)")


#CP3

xq=[0.067299256]
yq=[592.31]
mp.plot(xq,yq,marker="o", markersize=6,markerfacecolor="#C06C84",label="CP3=(0.067299256,592.31)")


#CP4

xq=[0.1100894]
yq=[1294.78]
mp.plot(xq,yq,marker="o", markersize=6,markerfacecolor="orange",label="CP4=(0.1100894,1294.78)")



#TestRideZone

mp.legend()
mp.show()
